53
0 0.00000811562
2 0.00000864400
4 0.00001365385
6 0.00000737308
8 0.00001102963
10 0.00000884139
12 0.00000573333
14 0.00001542857
16 0.00000400000
18 0.00000300000
20 0.00000100000
22 0.00000800000
24 0.00001600000
28 0.00000180000
30 0.00000900000
32 0.00000850000
34 0.00001200000
36 0.00000800000
38 0.00001975000
40 0.00001600000
42 0.00001066667
44 0.00001220833
46 0.00000600000
48 0.00000628571
50 0.00000860290
52 0.00000740000
54 0.00001475000
56 0.00001449655
58 0.00000659735
60 0.00001014286
62 0.00001032237
