26
0 0.00001690000
2 0.00001390000
4 0.00000763636
6 0.00001260000
8 0.00000380000
10 0.00000944444
12 0.00000388889
14 0.00000861184
16 0.00000541364
18 0.00000884170
20 0.00000749091
22 0.00000747059
24 0.00001008333
26 0.00001302632
28 0.00001760000
30 0.00000826000
32 0.00000954750
34 0.00000700000
38 0.00000800000
40 0.00000250000
42 0.00002115153
44 0.00002550000
46 0.00001110000
48 0.00000808333
50 0.00000350000
52 0.00001792988
54 0.00000700000
56 0.00000912886
58 0.00000956910
60 0.00001078022
62 0.00001243206
