14
0 0.00001096667
2 0.00001054444
4 0.00001685368
6 0.00001081818
8 0.00001125000
10 0.00001286667
12 0.00001877000
14 0.00000935714
16 0.00000816667
18 0.00000585714
20 0.00001333684
22 0.00001090000
24 0.00001128333
26 0.00000775714
28 0.00000741365
30 0.00000900000
32 0.00001796667
34 0.00000638830
36 0.00000000000
38 0.00000190000
40 0.00000733333
42 0.00001050000
46 0.00001500000
50 0.00000400000
52 0.00000650000
54 0.00000100000
56 0.00001029271
58 0.00000820000
60 0.00000875000
62 0.00000904864
