40
0 0.00000692857
2 0.00000630000
4 0.00001092308
6 0.00000930000
8 0.00000855556
10 0.00000976923
12 0.00000622222
14 0.00000563161
16 0.00000483533
18 0.00000728750
20 0.00000935200
22 0.00000947500
24 0.00000786923
26 0.00000388462
28 0.00000674193
30 0.00000400000
32 0.00001200000
36 0.00000833333
38 0.00000705000
40 0.00000600000
42 0.00001150000
44 0.00000112760
48 0.00000900000
50 0.00000100000
52 0.00000566667
54 0.00000600000
56 0.00001060594
58 0.00001153529
60 0.00001054193
62 0.00001141758
