48
0 0.00000726667
2 0.00000631250
4 0.00000915385
6 0.00001028571
8 0.00000790909
10 0.00001620000
12 0.00001457143
14 0.00001216000
16 0.00000581818
18 0.00000842308
20 0.00000598889
22 0.00000643750
24 0.00000603333
26 0.00001711429
28 0.00000450000
30 0.00000800000
32 0.00000400000
34 0.00001500000
36 0.00000500000
38 0.00000700000
40 0.00001025000
42 0.00003700000
44 0.00001150000
46 0.00001600000
50 0.00000708497
54 0.00000100000
56 0.00001001905
58 0.00001209941
60 0.00000944432
62 0.00001041748
