51
0 0.00000921429
2 0.00001123077
4 0.00000938462
6 0.00000906819
8 0.00001295238
10 0.00001377778
12 0.00001045455
14 0.00000781111
16 0.00001416667
18 0.00000909091
20 0.00000765000
22 0.00000900000
24 0.00001146923
26 0.00000920602
28 0.00002425640
30 0.00001950000
32 0.00001266667
34 0.00001522940
38 0.00001300000
40 0.00000950000
42 0.00002100000
44 0.00000700000
46 0.00000000000
48 0.00000715790
50 0.00000400000
52 0.00000300000
56 0.00000862090
58 0.00001377536
60 0.00000852702
62 0.00001121429
