18
0 0.00000612067
2 0.00001580000
4 0.00001677246
6 0.00000916556
8 0.00001193750
10 0.00000746000
12 0.00001609091
14 0.00001056667
16 0.00000962381
18 0.00001073333
20 0.00001008333
22 0.00000839474
24 0.00000937647
26 0.00001151429
28 0.00002450000
30 0.00000400000
32 0.00001900000
34 0.00000400000
36 0.00000801017
38 0.00002600000
42 0.00001802808
44 0.00000590000
46 0.00002900000
48 0.00001118925
50 0.00001333333
52 0.00001350000
54 0.00000850000
56 0.00001550401
58 0.00000894588
60 0.00000948699
62 0.00001025627
