25
0 0.00001196100
2 0.00000760000
4 0.00001244000
6 0.00001071429
8 0.00001630000
10 0.00000950000
12 0.00000785714
14 0.00000697647
16 0.00000739500
18 0.00000800833
20 0.00000701579
22 0.00000944545
24 0.00000823889
26 0.00000667692
28 0.00000240000
30 0.00000050000
32 0.00001300000
34 0.00000560000
36 0.00000926667
38 0.00000583290
40 0.00002696900
42 0.00002355000
44 0.00000666667
46 0.00001843333
48 0.00000900000
50 0.00001366667
52 0.00001200000
54 0.00002000000
56 0.00001184553
58 0.00001426369
60 0.00001082203
62 0.00001020625
