37
0 0.00000936364
2 0.00000971429
4 0.00001026667
6 0.00001400000
8 0.00000714286
10 0.00000710000
12 0.00001050000
14 0.00001121070
16 0.00000969444
18 0.00001080222
20 0.00001602950
22 0.00000997846
24 0.00000689091
26 0.00000890000
28 0.00001433333
30 0.00003400000
34 0.00000891380
36 0.00001245000
38 0.00001050000
42 0.00000266667
44 0.00001550000
46 0.00001973276
48 0.00000600000
50 0.00001100000
52 0.00001733333
54 0.00000400000
56 0.00000898821
58 0.00001186700
60 0.00000935102
62 0.00000988889
