24
0 0.00001335692
2 0.00001051667
4 0.00001154848
6 0.00000509091
8 0.00000945833
10 0.00000718182
12 0.00000625000
14 0.00001058117
16 0.00000827619
18 0.00000702609
20 0.00001294375
22 0.00000964737
24 0.00001089412
26 0.00000922667
28 0.00000801750
30 0.00001298622
32 0.00000560000
34 0.00000500000
36 0.00000050000
38 0.00001192825
42 0.00001585000
44 0.00001326867
46 0.00001560000
48 0.00001533333
50 0.00000800000
52 0.00000200000
54 0.00001285714
56 0.00001325862
58 0.00001312195
60 0.00001069641
62 0.00001147976
