9
0 0.00000864444
2 0.00001150099
4 0.00001668571
6 0.00000861818
8 0.00001067880
10 0.00001058333
12 0.00002340000
14 0.00000743636
16 0.00000679412
18 0.00000850000
20 0.00001400588
22 0.00001184706
24 0.00001966667
26 0.00001200000
28 0.00000600000
30 0.00001035000
32 0.00000250000
34 0.00001550000
36 0.00000466667
38 0.00000400000
40 0.00001300000
42 0.00001285714
46 0.00000466667
48 0.00000500000
50 0.00000700000
52 0.00002033945
54 0.00000794000
56 0.00000633636
58 0.00001547273
60 0.00001000561
62 0.00000970186
