34
0 0.00000780000
2 0.00001121053
4 0.00001090000
6 0.00000945455
8 0.00000562500
10 0.00000980000
12 0.00000860000
14 0.00001058428
16 0.00000903846
18 0.00000693077
20 0.00000919371
22 0.00001004167
24 0.00000943000
26 0.00000941875
28 0.00001383333
30 0.00001400000
32 0.00002128073
34 0.00000885714
38 0.00001400000
40 0.00000100000
42 0.00000000000
44 0.00001900000
46 0.00000650000
48 0.00000566667
50 0.00000900000
52 0.00001100000
54 0.00000700000
56 0.00001311068
58 0.00001012500
60 0.00000900712
62 0.00001142045
