49
0 0.00001241176
2 0.00001112500
4 0.00000918182
6 0.00000890909
8 0.00000764706
10 0.00001290000
12 0.00001118750
14 0.00000994258
16 0.00001171429
18 0.00001595714
20 0.00000708333
22 0.00000908182
24 0.00000818843
26 0.00000777562
28 0.00001500000
30 0.00000350000
34 0.00002200000
36 0.00001800000
38 0.00000290000
40 0.00002200000
42 0.00001100000
44 0.00000800000
46 0.00000600000
48 0.00000761073
50 0.00000700000
54 0.00001125857
56 0.00001399412
58 0.00000924330
60 0.00001124158
62 0.00000920192
