44
0 0.00000818750
2 0.00000941176
4 0.00000953333
6 0.00000690909
8 0.00001287500
10 0.00000738462
12 0.00000852941
14 0.00000828294
16 0.00000315556
18 0.00001228750
20 0.00000788571
22 0.00001258286
24 0.00000881000
26 0.00000939222
28 0.00000100000
30 0.00000533333
32 0.00000800000
36 0.00001960000
38 0.00000690000
42 0.00000600000
44 0.00003400000
46 0.00001233333
48 0.00000300000
50 0.00000800000
52 0.00001100000
54 0.00002200000
56 0.00000936500
58 0.00001320705
60 0.00000971013
62 0.00000822414
