8
0 0.00001062500
2 0.00000741250
4 0.00000475718
6 0.00001281429
8 0.00001178571
10 0.00001050000
12 0.00001624000
14 0.00001391379
16 0.00000854211
18 0.00000891579
20 0.00000644444
22 0.00001006316
24 0.00000840769
26 0.00000733000
28 0.00000922143
30 0.00000556990
32 0.00001300000
34 0.00000555000
36 0.00000800000
38 0.00001533333
40 0.00000985722
42 0.00002146667
44 0.00000473333
46 0.00000872500
48 0.00000566667
50 0.00001283656
52 0.00000600000
54 0.00001188889
56 0.00000845412
58 0.00001290000
60 0.00000950458
62 0.00000971290
