31
0 0.00001100000
2 0.00000670000
4 0.00000733333
6 0.00001071429
8 0.00000546154
10 0.00000690000
12 0.00000878161
14 0.00001282000
16 0.00001323571
18 0.00000961059
20 0.00001680490
22 0.00001030000
24 0.00000964286
26 0.00000833333
28 0.00000475000
30 0.00001042857
32 0.00003200000
34 0.00000133607
36 0.00000800000
38 0.00001600000
40 0.00000460000
42 0.00000955556
44 0.00000880000
46 0.00000833333
48 0.00000940000
50 0.00002600000
52 0.00001115000
54 0.00000279760
56 0.00000978125
58 0.00000569258
60 0.00000965449
62 0.00001142857
