30
0 0.00000262500
2 0.00001000000
4 0.00001340000
6 0.00001007143
8 0.00000914286
10 0.00000760000
12 0.00000527273
14 0.00001097273
16 0.00000736842
18 0.00001073417
20 0.00001181533
22 0.00001011729
24 0.00001116667
26 0.00001045000
28 0.00000710000
30 0.00000434667
32 0.00001500000
34 0.00000750000
36 0.00002200000
38 0.00000400000
40 0.00001015000
42 0.00000883333
44 0.00000400000
46 0.00001275000
48 0.00001433333
50 0.00001000000
52 0.00000666667
54 0.00002266667
56 0.00000998759
58 0.00001272508
60 0.00001104194
62 0.00001067123
