35
0 0.00000635000
2 0.00000971429
4 0.00000891667
6 0.00000911111
8 0.00001073333
10 0.00001120000
12 0.00001314286
14 0.00000998333
16 0.00001036421
18 0.00000761512
20 0.00000928750
22 0.00000931000
24 0.00001270000
26 0.00001008333
28 0.00000650000
30 0.00001100000
32 0.00000900000
34 0.00000600000
38 0.00000700000
40 0.00003100000
42 0.00001050000
44 0.00000100000
46 0.00000900000
48 0.00001100000
50 0.00000966667
52 0.00006900000
54 0.00000804300
56 0.00000760870
58 0.00001143632
60 0.00000935196
62 0.00001073958
