27
0 0.00001150000
2 0.00001227273
4 0.00000733333
6 0.00001344444
8 0.00001025000
10 0.00001100000
12 0.00000453768
14 0.00000637500
16 0.00000839444
18 0.00001137500
20 0.00001023351
22 0.00000772941
24 0.00000742857
26 0.00000587500
28 0.00000787500
30 0.00000555000
32 0.00001007500
34 0.00001244360
36 0.00005500000
38 0.00000000000
42 0.00000750000
44 0.00001410000
46 0.00003407500
48 0.00001000000
50 0.00002987050
52 0.00000479588
54 0.00000633333
56 0.00000604423
58 0.00001351573
60 0.00001120273
62 0.00001096028
