36
0 0.00001536000
2 0.00001195238
4 0.00000935294
6 0.00001280000
8 0.00001188889
10 0.00000858333
12 0.00000487500
14 0.00001471158
16 0.00000598462
18 0.00000866091
20 0.00000957500
22 0.00001191684
24 0.00000867500
26 0.00000710000
28 0.00000733333
30 0.00000900000
32 0.00002100000
34 0.00000865000
36 0.00000100000
38 0.00000650000
40 0.00000200000
42 0.00001200000
44 0.00000981959
46 0.00000400000
48 0.00001550000
50 0.00000100000
52 0.00000300000
54 0.00000933333
56 0.00000879167
58 0.00001241488
60 0.00001138708
62 0.00000892308
