11
0 0.00001078333
2 0.00001172375
4 0.00001081250
6 0.00001198000
8 0.00000821667
10 0.00000648571
12 0.00000700000
14 0.00001004500
16 0.00001072105
18 0.00001082727
20 0.00000756250
22 0.00000937037
24 0.00000891111
26 0.00000982500
28 0.00000500000
30 0.00000256667
32 0.00001153333
34 0.00001650000
38 0.00000300000
40 0.00001322000
42 0.00001150000
46 0.00000900000
48 0.00001760000
50 0.00000745000
52 0.00000400000
54 0.00001766667
56 0.00001046871
58 0.00001134118
60 0.00001055156
62 0.00001057568
