12
0 0.00000808333
2 0.00001516421
4 0.00000973846
6 0.00001147143
8 0.00001088844
10 0.00001011111
12 0.00000999167
14 0.00001156471
16 0.00000976111
18 0.00001077143
20 0.00000588000
22 0.00000845333
24 0.00001199444
26 0.00000990000
28 0.00000600000
30 0.00000300000
32 0.00001375000
34 0.00001505000
36 0.00001700000
38 0.00000685009
40 0.00001350000
42 0.00000500000
44 0.00000949352
46 0.00000310000
48 0.00001050000
50 0.00000380000
52 0.00000300000
56 0.00000855139
58 0.00000877668
60 0.00001040000
62 0.00000865349
