21
0 0.00000823125
2 0.00000465250
4 0.00001610000
6 0.00001340562
8 0.00001537500
10 0.00000900000
12 0.00000687500
14 0.00001079412
16 0.00001370000
18 0.00000883333
20 0.00000923571
22 0.00001375000
24 0.00001436667
26 0.00001033333
28 0.00000435000
30 0.00001866667
32 0.00000140000
34 0.00002500000
36 0.00000700000
38 0.00001585500
40 0.00001000000
42 0.00001376667
46 0.00000600000
48 0.00000553333
50 0.00000800000
52 0.00000100000
56 0.00000512606
58 0.00000856250
60 0.00000975946
62 0.00000905136
