38
0 0.00000842857
2 0.00001027273
4 0.00000726667
6 0.00001115789
8 0.00000588889
10 0.00001333333
12 0.00001287500
14 0.00001350937
16 0.00000583846
18 0.00000454000
20 0.00001131333
22 0.00000905488
24 0.00001151429
26 0.00001009000
28 0.00000688656
30 0.00001300000
32 0.00001266667
34 0.00000400000
36 0.00000966667
38 0.00002077523
40 0.00001100000
42 0.00000300000
44 0.00001550000
46 0.00000800000
48 0.00001133333
50 0.00000700000
54 0.00000725000
56 0.00000841099
58 0.00000856000
60 0.00001116128
62 0.00000796809
