20
0 0.00000890000
2 0.00001146545
4 0.00001183300
6 0.00001200417
8 0.00001900000
10 0.00000835917
12 0.00001466667
14 0.00000786000
16 0.00001164167
18 0.00001235000
20 0.00000790909
22 0.00000933810
24 0.00001290000
26 0.00001108333
28 0.00001030000
30 0.00000733308
34 0.00000050000
36 0.00002000000
38 0.00001800000
40 0.00002212350
42 0.00002410000
44 0.00001053333
46 0.00002150000
48 0.00000250000
50 0.00000600000
52 0.00001750000
56 0.00000932203
58 0.00000701500
60 0.00000951587
62 0.00000916270
