32
0 0.00001072222
2 0.00001200000
4 0.00000876923
6 0.00001028571
8 0.00000838547
10 0.00001050000
12 0.00001255556
14 0.00000815238
16 0.00001116714
18 0.00001174615
20 0.00001295216
22 0.00000720000
24 0.00001108125
26 0.00000731667
28 0.00000450000
32 0.00001550000
34 0.00000100000
36 0.00000980730
38 0.00001066667
40 0.00000100000
42 0.00000750000
44 0.00001840000
46 0.00000400000
48 0.00002025000
50 0.00001137372
52 0.00000100000
54 0.00002200000
56 0.00000797553
58 0.00000878661
60 0.00001005500
62 0.00001028235
