52
0 0.00000940000
2 0.00000700000
4 0.00001184615
6 0.00001430769
8 0.00001125000
10 0.00000827273
12 0.00000454545
14 0.00001262000
16 0.00000869118
18 0.00000517619
20 0.00000764880
22 0.00001083636
24 0.00001331667
26 0.00000575556
28 0.00002600000
30 0.00000401795
32 0.00001089977
34 0.00000237810
36 0.00000500000
38 0.00004870000
40 0.00000415000
42 0.00000800000
44 0.00002400000
46 0.00000840000
48 0.00000050000
50 0.00000813005
52 0.00000933333
54 0.00000700000
56 0.00000952785
58 0.00000591311
60 0.00001044389
62 0.00000963265
