51
0 0.00000752500
4 0.00000372500
6 0.00000503855
8 0.00000020000
12 0.00001400000
14 0.00000880233
16 0.00000626129
18 0.00000896087
20 0.00001110323
22 0.00000922996
24 0.00001215769
26 0.00000877273
28 0.00001050000
30 0.00001700000
32 0.00000285000
34 0.00000925000
36 0.00000762286
38 0.00000955825
40 0.00000380000
42 0.00000351000
44 0.00001925000
46 0.00000750000
48 0.00001202970
50 0.00000373500
52 0.00001000000
54 0.00001750800
56 0.00001279098
58 0.00000988224
60 0.00000999665
62 0.00000865571
