53
0 0.00001047875
2 0.00001183750
4 0.00000803667
6 0.00000375000
8 0.00000741250
10 0.00000200000
12 0.00000630000
14 0.00000956300
16 0.00001202368
18 0.00000786316
20 0.00001114545
22 0.00000918000
24 0.00000993600
26 0.00001038350
28 0.00000488490
30 0.00001176667
32 0.00000575000
34 0.00000600000
36 0.00001275000
38 0.00001700000
40 0.00000853297
42 0.00000550000
44 0.00001334250
46 0.00001541000
48 0.00000200000
50 0.00001212556
52 0.00001266667
54 0.00001081000
56 0.00001042354
58 0.00000794014
60 0.00000984430
62 0.00000554250
