53
0 0.00001079167
2 0.00001085000
4 0.00000891538
6 0.00001084828
8 0.00000977500
10 0.00001192857
12 0.00000693636
14 0.00001002817
16 0.00000940058
18 0.00000932308
20 0.00001010156
22 0.00000898437
24 0.00001030612
26 0.00000834195
28 0.00001061538
30 0.00001619286
32 0.00000951429
34 0.00001175714
36 0.00000619625
38 0.00000343750
40 0.00001279032
42 0.00000740000
44 0.00000666667
46 0.00001110728
48 0.00001588889
50 0.00001750000
52 0.00000692308
54 0.00000984167
56 0.00000987779
58 0.00001161455
60 0.00000985959
62 0.00000888366
