18
0 0.00001008750
2 0.00001004737
4 0.00000887632
6 0.00000940814
8 0.00000689189
10 0.00000713409
12 0.00000974224
14 0.00000799544
16 0.00001027778
18 0.00000717949
20 0.00000947368
22 0.00001000000
24 0.00001027027
26 0.00000906977
28 0.00002500000
30 0.00001833333
32 0.00000000000
34 0.00000621421
36 0.00000500000
38 0.00001428571
40 0.00000888889
42 0.00003000000
44 0.00000950000
46 0.00002668260
48 0.00001000000
50 0.00000975000
52 0.00001314635
54 0.00000811140
56 0.00000997422
58 0.00000938170
60 0.00000968858
62 0.00000961125
