46
0 0.00000901579
2 0.00001307222
4 0.00000721667
6 0.00000975000
8 0.00001300741
10 0.00000661000
12 0.00001442857
14 0.00000821649
16 0.00001034099
18 0.00001045161
20 0.00001034688
22 0.00000965897
24 0.00001008511
26 0.00000957143
28 0.00001033750
30 0.00001357640
32 0.00000666667
34 0.00001250000
36 0.00000500000
38 0.00001020000
40 0.00000900000
42 0.00001166667
44 0.00000966667
46 0.00000360000
48 0.00000737627
50 0.00001500000
52 0.00000925000
54 0.00000700000
56 0.00000943038
58 0.00000994762
60 0.00000908967
62 0.00001015532
