10
0 0.00000747702
2 0.00001106538
4 0.00001036818
6 0.00001031765
8 0.00001016935
10 0.00000867923
12 0.00001049032
14 0.00000795455
16 0.00000702128
18 0.00000957447
20 0.00001325000
22 0.00000769388
24 0.00000897436
26 0.00000674359
28 0.00000996475
30 0.00000857143
32 0.00000727273
34 0.00000333333
36 0.00001033333
38 0.00001825982
40 0.00000824697
42 0.00001262500
44 0.00000723333
46 0.00000594550
48 0.00000617631
50 0.00001833333
52 0.00000075000
54 0.00000700000
56 0.00000882498
58 0.00001044722
60 0.00000942767
62 0.00000933213
