52
0 0.00001254400
2 0.00001015357
4 0.00001015500
6 0.00000786774
8 0.00000795556
10 0.00000960714
12 0.00001240000
14 0.00001000822
16 0.00000867671
18 0.00000998485
20 0.00001050768
22 0.00000784906
24 0.00001158812
26 0.00001010943
28 0.00001125000
30 0.00000822222
32 0.00001580000
34 0.00001891860
36 0.00000800000
38 0.00000628571
40 0.00000900000
42 0.00000854545
44 0.00000853333
46 0.00000500000
48 0.00000602933
50 0.00000380000
52 0.00000900000
54 0.00001081818
56 0.00001047448
58 0.00000887692
60 0.00000977096
62 0.00001102171
