19
0 0.00000981915
2 0.00001005476
4 0.00000827917
6 0.00000979730
8 0.00001131644
10 0.00001097838
12 0.00001033103
14 0.00001100000
16 0.00000800000
18 0.00001060000
20 0.00000837209
22 0.00000840909
24 0.00001111111
26 0.00001060000
28 0.00000725015
30 0.00000845501
32 0.00001666667
34 0.00001355461
36 0.00001000000
38 0.00000925000
40 0.00001900000
42 0.00001240000
44 0.00000750000
46 0.00000116667
48 0.00000725000
50 0.00000433333
52 0.00001604462
54 0.00000350000
56 0.00000970657
58 0.00000820871
60 0.00000990937
62 0.00000983721
