34
0 0.00001056106
2 0.00000995704
4 0.00001127857
6 0.00001136397
8 0.00001047419
10 0.00001031222
12 0.00001353333
14 0.00000912500
16 0.00000981400
18 0.00001111765
20 0.00000766667
22 0.00000990698
24 0.00000814583
26 0.00001111111
28 0.00001175000
30 0.00000656875
32 0.00001516667
34 0.00001130386
36 0.00001322222
38 0.00001200000
40 0.00000765842
42 0.00002000000
44 0.00001011909
46 0.00000522000
48 0.00001225000
50 0.00000300000
54 0.00001127000
56 0.00000907392
58 0.00001033387
60 0.00001024233
62 0.00001096471
