11
0 0.00001073594
2 0.00000907619
4 0.00000814571
6 0.00001138000
8 0.00000657500
10 0.00001235435
12 0.00000833333
14 0.00000911111
16 0.00000938776
18 0.00000891304
20 0.00000822222
22 0.00001431818
24 0.00001091176
26 0.00001076923
28 0.00000000000
30 0.00000785714
32 0.00001800000
34 0.00001333333
36 0.00001000000
38 0.00001266667
40 0.00000902135
42 0.00001000000
44 0.00001100000
46 0.00001604912
48 0.00001000000
50 0.00003000000
52 0.00001442857
54 0.00000250000
56 0.00001014248
58 0.00001276824
60 0.00001101587
62 0.00001044898
