36
0 0.00000984595
2 0.00001082353
4 0.00001027069
6 0.00000842903
8 0.00001273913
10 0.00001411667
12 0.00001433333
14 0.00001103333
16 0.00001135417
18 0.00000966038
20 0.00000982407
22 0.00001078947
24 0.00000852273
26 0.00001029787
28 0.00000842500
30 0.00001285714
32 0.00000500000
34 0.00001290000
36 0.00001333333
38 0.00001000000
40 0.00000783451
42 0.00000900000
44 0.00001522222
46 0.00000000000
48 0.00000814286
50 0.00000716667
52 0.00001266667
54 0.00000500000
56 0.00000997061
58 0.00001054516
60 0.00000969977
62 0.00001106047
