27
0 0.00001307650
2 0.00000959348
4 0.00000842407
6 0.00001000353
8 0.00000963810
10 0.00000691852
12 0.00001070333
14 0.00000874242
16 0.00000958621
18 0.00001223077
20 0.00000937500
22 0.00000884091
24 0.00001204082
26 0.00001150000
28 0.00000810000
30 0.00000970588
32 0.00001500000
34 0.00000500000
36 0.00000337500
38 0.00000666667
40 0.00000875000
42 0.00001579571
44 0.00000320000
46 0.00001225000
48 0.00001314286
50 0.00001433333
52 0.00001100000
54 0.00001066667
56 0.00001239726
58 0.00000871923
60 0.00000960684
62 0.00000963592
