33
0 0.00000961182
2 0.00000877500
4 0.00000878400
6 0.00000984286
8 0.00001174500
10 0.00000586000
12 0.00000855148
14 0.00001032727
16 0.00001114286
18 0.00000885714
20 0.00001200000
22 0.00000843902
24 0.00001134783
26 0.00001005769
28 0.00001166636
30 0.00000800000
32 0.00001828571
34 0.00000688889
36 0.00000625000
38 0.00002900000
40 0.00000766667
42 0.00002066667
44 0.00000880000
46 0.00001025000
48 0.00000516667
52 0.00000150000
54 0.00000825000
56 0.00000897585
58 0.00001124565
60 0.00000975481
62 0.00001058040
