43
0 0.00001136129
2 0.00000582727
4 0.00000878571
6 0.00001102174
8 0.00000972616
10 0.00000705714
12 0.00001085217
14 0.00000729970
16 0.00001059155
18 0.00000860400
20 0.00000995600
22 0.00001232143
24 0.00000837500
26 0.00000950469
28 0.00001012000
30 0.00000750000
32 0.00000913194
34 0.00000901413
36 0.00000600000
38 0.00001500000
40 0.00000725000
42 0.00000916000
44 0.00000740000
46 0.00002300000
48 0.00000600000
52 0.00001566667
54 0.00000605750
56 0.00000920582
58 0.00000971913
60 0.00001034029
62 0.00001202733
