37
0 0.00001011111
2 0.00001194737
4 0.00000802560
6 0.00000964348
8 0.00000973182
10 0.00000895909
12 0.00000904615
14 0.00000961940
16 0.00001203774
18 0.00001016364
20 0.00001253191
22 0.00000982881
24 0.00001141509
26 0.00001397222
28 0.00001375000
30 0.00001004667
32 0.00000555000
34 0.00000625000
36 0.00000965333
38 0.00001040000
40 0.00000800000
42 0.00000947059
44 0.00000550000
46 0.00000891000
48 0.00000725000
50 0.00000900000
52 0.00001004168
54 0.00001120000
56 0.00001021258
58 0.00001115710
60 0.00000922807
62 0.00000947930
