14
0 0.00000863579
2 0.00000974651
4 0.00001222609
6 0.00000845750
8 0.00001125795
10 0.00001089231
12 0.00000664422
14 0.00000742857
16 0.00001135954
18 0.00001000000
20 0.00000923077
22 0.00001000000
24 0.00000785714
26 0.00001307692
28 0.00002439997
32 0.00001444412
34 0.00001918675
36 0.00001000000
38 0.00001666667
40 0.00000666667
42 0.00000368889
44 0.00000340000
46 0.00001611470
48 0.00000800000
50 0.00001000000
52 0.00000229352
54 0.00000972925
56 0.00000819684
58 0.00001088035
60 0.00000957792
62 0.00000971948
