22
0 0.00001062642
2 0.00001055784
4 0.00000921158
6 0.00000709712
8 0.00000798529
10 0.00000619697
12 0.00001091923
14 0.00001209478
16 0.00000804348
18 0.00000833333
20 0.00001000000
22 0.00001118919
24 0.00000785714
26 0.00000885714
28 0.00000517425
30 0.00001183333
32 0.00001188889
34 0.00001225000
36 0.00000862589
38 0.00001275000
40 0.00001071429
42 0.00000562500
44 0.00001500000
46 0.00001260000
48 0.00000956340
50 0.00000540000
52 0.00002433333
54 0.00000985714
56 0.00001250185
58 0.00001094545
60 0.00001020724
62 0.00000926681
