13
0 0.00001038780
2 0.00001365745
4 0.00001238609
6 0.00000869714
8 0.00001169000
10 0.00000845737
12 0.00000908821
14 0.00001279070
16 0.00001257143
18 0.00001155556
20 0.00000893617
22 0.00001128205
24 0.00000916667
26 0.00001290323
28 0.00000555806
30 0.00001118973
32 0.00001000000
34 0.00001000000
36 0.00002089867
38 0.00001000000
40 0.00001000000
42 0.00001200000
44 0.00001907500
46 0.00000950000
48 0.00001000000
50 0.00000100000
52 0.00001419793
54 0.00000570000
56 0.00001229930
58 0.00001051808
60 0.00001000000
62 0.00000887241
