47
0 0.00001048261
2 0.00001536667
4 0.00001361538
6 0.00000761905
8 0.00001189545
10 0.00001145000
12 0.00000973125
14 0.00000911346
16 0.00000982857
18 0.00001071393
20 0.00000945161
22 0.00000916667
24 0.00000934038
26 0.00000904098
28 0.00001820000
30 0.00001600000
32 0.00000500000
36 0.00000733333
38 0.00000000000
40 0.00000575000
42 0.00002073333
44 0.00001446000
46 0.00000950000
48 0.00000320000
50 0.00000060000
52 0.00000653333
54 0.00000604122
56 0.00001259459
58 0.00001190878
60 0.00001134939
62 0.00001065563
