17
0 0.00000965588
2 0.00000898657
4 0.00001114096
6 0.00001008000
8 0.00000992045
10 0.00000960417
12 0.00000918571
14 0.00000804348
16 0.00000972222
18 0.00001079687
20 0.00001044444
22 0.00001065217
24 0.00001172414
26 0.00001435714
28 0.00000542900
30 0.00002000000
32 0.00000413123
34 0.00001535982
36 0.00001000000
38 0.00000400000
40 0.00000950000
42 0.00000817500
44 0.00000483333
46 0.00000683333
48 0.00000825000
50 0.00001178103
52 0.00001075004
56 0.00000954892
58 0.00001130738
60 0.00001020270
62 0.00000933336
