45
0 0.00000808095
2 0.00000953600
4 0.00001505455
6 0.00001099474
8 0.00001085263
10 0.00001220000
12 0.00001238824
14 0.00001013636
16 0.00001290942
18 0.00000958000
20 0.00000887869
22 0.00000894545
24 0.00000879365
26 0.00000906000
28 0.00000683333
30 0.00001325000
32 0.00000480000
34 0.00000916620
36 0.00000460000
38 0.00000750000
40 0.00001300000
42 0.00000415000
44 0.00001058571
46 0.00001000000
48 0.00001200000
50 0.00000333333
52 0.00000433333
54 0.00000900000
56 0.00001005626
58 0.00000991944
60 0.00000964139
62 0.00000989706
