51
0 0.00001498000
2 0.00000731304
4 0.00001027500
6 0.00001050417
8 0.00000890000
10 0.00000859545
12 0.00001295556
14 0.00001101000
16 0.00000958609
18 0.00000893247
20 0.00001093621
22 0.00001061735
24 0.00000943284
26 0.00001130435
28 0.00000831579
30 0.00000866667
32 0.00000433333
34 0.00001333333
36 0.00001480000
38 0.00000616667
40 0.00001000000
42 0.00000659434
44 0.00000271429
46 0.00001286010
48 0.00001000000
50 0.00001250000
52 0.00001150000
54 0.00001000000
56 0.00001150000
58 0.00001143852
60 0.00000944846
62 0.00000928540
