39
0 0.00000790923
2 0.00001032746
4 0.00000788929
6 0.00000920000
8 0.00000953333
10 0.00001940000
12 0.00000926154
14 0.00001029412
16 0.00001065672
18 0.00001089286
20 0.00000962091
22 0.00000847727
24 0.00000865909
26 0.00001310204
28 0.00001260909
30 0.00001847987
32 0.00001200000
34 0.00001810800
36 0.00000788889
38 0.00001800000
40 0.00001428571
42 0.00001092267
44 0.00000569833
46 0.00001249444
48 0.00000883333
50 0.00002910000
52 0.00001700000
54 0.00001800000
56 0.00000880069
58 0.00000882878
60 0.00000952980
62 0.00001144972
