28
0 0.00001297727
2 0.00001095624
4 0.00001062593
6 0.00001046552
8 0.00000836875
10 0.00000973219
12 0.00000855613
14 0.00000939062
16 0.00000873469
18 0.00001093023
20 0.00001102500
22 0.00000862162
24 0.00000769444
26 0.00000800000
28 0.00001056272
30 0.00001453333
32 0.00001080000
34 0.00000300000
36 0.00001142857
38 0.00002075000
40 0.00001000000
42 0.00001247778
44 0.00001625000
46 0.00001416667
48 0.00000842857
50 0.00000500000
52 0.00000868662
54 0.00001475000
56 0.00001037000
58 0.00000871787
60 0.00000972671
62 0.00000965272
