44
0 0.00000819375
2 0.00001198750
4 0.00001086667
6 0.00000899259
8 0.00001361818
10 0.00000901481
12 0.00000836667
14 0.00000939821
16 0.00000784038
18 0.00000947170
20 0.00000970968
22 0.00000978846
24 0.00001042647
26 0.00000960912
28 0.00001612500
30 0.00000950000
32 0.00000457143
34 0.00001199091
36 0.00000500000
38 0.00001142857
40 0.00000774707
42 0.00001300000
44 0.00000635280
46 0.00001300000
48 0.00001333333
50 0.00001228000
52 0.00006000000
54 0.00001033333
56 0.00000794604
58 0.00000945675
60 0.00001063031
62 0.00001043907
