25
0 0.00000918409
2 0.00001132821
4 0.00000827436
6 0.00000777500
8 0.00000665667
10 0.00001208824
12 0.00001392759
14 0.00001030612
16 0.00000645161
18 0.00000954545
20 0.00001137931
22 0.00001376891
24 0.00000958333
26 0.00001215385
28 0.00000963158
30 0.00001034137
32 0.00001000000
34 0.00001380000
36 0.00000600000
38 0.00000950000
40 0.00001325000
42 0.00000972208
44 0.00000877273
46 0.00000646667
48 0.00001140000
50 0.00000000000
52 0.00001000000
54 0.00002366667
56 0.00001067970
58 0.00001072911
60 0.00000956269
62 0.00000943536
