20
0 0.00001218382
2 0.00001167719
4 0.00001254000
6 0.00000751772
8 0.00000809394
10 0.00001032424
12 0.00000997297
14 0.00000991084
16 0.00000934783
18 0.00001219512
20 0.00001028571
22 0.00001147059
24 0.00000878049
26 0.00000852941
28 0.00001000000
30 0.00000250000
32 0.00000639395
34 0.00001666667
36 0.00000250000
38 0.00001255556
40 0.00000911111
42 0.00000844444
44 0.00001628750
46 0.00001566667
48 0.00001150000
50 0.00001200000
52 0.00001202699
54 0.00000631325
56 0.00000775428
58 0.00001136197
60 0.00000996599
62 0.00000997317
