8
0 0.00000993411
2 0.00000979025
4 0.00000949375
6 0.00001276667
8 0.00001188857
10 0.00001004191
12 0.00000850000
14 0.00000849123
16 0.00000907463
18 0.00000975000
20 0.00001068182
22 0.00000854167
24 0.00000806452
26 0.00001153846
28 0.00000778512
30 0.00001236364
32 0.00001500000
34 0.00002320000
36 0.00001082311
38 0.00001100000
40 0.00000858621
42 0.00001040000
44 0.00001178107
46 0.00000450000
48 0.00001000000
50 0.00001162500
52 0.00000333624
54 0.00000692308
56 0.00000970130
58 0.00000968322
60 0.00000967208
62 0.00001007633
