16
0 0.00000986757
2 0.00001161429
4 0.00000989535
6 0.00001033246
8 0.00001063333
10 0.00001003880
12 0.00000842941
14 0.00000906977
16 0.00000823221
18 0.00000953488
20 0.00001000000
22 0.00000981132
24 0.00000763158
26 0.00001352941
28 0.00001750000
30 0.00000686920
32 0.00000750000
34 0.00001555556
36 0.00001000000
38 0.00001825000
40 0.00000933333
42 0.00000967933
44 0.00000460000
46 0.00001138930
48 0.00001265993
50 0.00000350000
52 0.00000150000
54 0.00001733333
56 0.00001111111
58 0.00001114414
60 0.00000928571
62 0.00001022148
