30
0 0.00000933592
2 0.00001560333
4 0.00000684491
6 0.00000715806
8 0.00001147692
10 0.00001034348
12 0.00000812963
14 0.00001051429
16 0.00001052632
18 0.00000948889
20 0.00001061364
22 0.00001151163
24 0.00000875000
26 0.00000820513
28 0.00001293750
30 0.00000142857
32 0.00000740000
34 0.00000400000
36 0.00001500000
38 0.00000000000
40 0.00000808505
42 0.00001262500
44 0.00000806011
46 0.00001028571
48 0.00001128571
50 0.00001146918
52 0.00001400000
54 0.00000900000
56 0.00000891859
58 0.00000988355
60 0.00000997892
62 0.00000901995
