29
0 0.00000869767
2 0.00000829756
4 0.00001160407
6 0.00001244474
8 0.00000821760
10 0.00001162308
12 0.00000924118
14 0.00001053846
16 0.00000907407
18 0.00001013793
20 0.00001013333
22 0.00000996226
24 0.00000903226
26 0.00001055556
28 0.00001293333
30 0.00000650000
32 0.00001142857
34 0.00000700000
36 0.00000500000
38 0.00001120000
40 0.00002028571
42 0.00000866667
44 0.00000000000
46 0.00000965171
48 0.00000766667
50 0.00001250000
52 0.00000632081
54 0.00002500000
56 0.00001292851
58 0.00000810945
60 0.00001015365
62 0.00001035311
