41
0 0.00000697037
2 0.00001410261
4 0.00001115000
6 0.00001131905
8 0.00001500000
10 0.00001085000
12 0.00001544615
14 0.00001061500
16 0.00000841324
18 0.00001214000
20 0.00001060714
22 0.00000895455
24 0.00001318182
26 0.00000957143
28 0.00001000000
30 0.00000305714
32 0.00000687500
34 0.00001285714
36 0.00001075000
38 0.00001016250
40 0.00001312500
42 0.00000850000
44 0.00000120000
46 0.00000564965
48 0.00003433333
50 0.00000750000
52 0.00000850000
54 0.00001000000
56 0.00000775503
58 0.00000907469
60 0.00000914631
62 0.00000908516
