9
0 0.00001079417
2 0.00000816859
4 0.00001160000
6 0.00001153272
8 0.00001010000
10 0.00001302703
12 0.00001080556
14 0.00001187273
16 0.00000977448
18 0.00001139535
20 0.00000729730
22 0.00000687500
24 0.00000859524
26 0.00000928125
28 0.00001053438
30 0.00001960000
32 0.00000833333
34 0.00000800000
36 0.00001300000
38 0.00001078920
40 0.00000900000
42 0.00000562500
44 0.00000969486
46 0.00000644444
48 0.00001854505
50 0.00001075000
52 0.00001459694
54 0.00000833333
56 0.00000986236
58 0.00000724291
60 0.00000954064
62 0.00000991820
