38
0 0.00001236919
2 0.00000788462
4 0.00000886774
6 0.00001185000
8 0.00001127273
10 0.00000846786
12 0.00000788092
14 0.00001029737
16 0.00000837500
18 0.00000885400
20 0.00001062500
22 0.00000906000
24 0.00001060500
26 0.00000766071
28 0.00001733333
30 0.00001911111
32 0.00000899000
34 0.00000840000
36 0.00000750000
38 0.00000049000
40 0.00001793333
42 0.00001682857
44 0.00001403333
46 0.00000966667
48 0.00000885714
50 0.00001075000
52 0.00002087500
54 0.00000629400
56 0.00000975569
58 0.00000989226
60 0.00000945125
62 0.00000982303
