32
0 0.00001010263
2 0.00001138235
4 0.00000879600
6 0.00000865417
8 0.00000760370
10 0.00000947424
12 0.00000684000
14 0.00000890566
16 0.00000855769
18 0.00000860526
20 0.00000949123
22 0.00001058333
24 0.00001067500
26 0.00001128571
28 0.00000750000
30 0.00000666667
32 0.00001100000
34 0.00001575000
36 0.00000678468
38 0.00001075000
40 0.00000571429
42 0.00000909091
44 0.00001885714
46 0.00001114286
48 0.00001454400
50 0.00000937500
52 0.00000400000
54 0.00001625000
56 0.00001112781
58 0.00001014585
60 0.00001086523
62 0.00000883963
