24
0 0.00000833691
2 0.00000959659
4 0.00000810513
6 0.00000990000
8 0.00001025641
10 0.00001145556
12 0.00000956111
14 0.00000919149
16 0.00000670588
18 0.00001194737
20 0.00001063830
22 0.00000709677
24 0.00000944444
26 0.00000782609
28 0.00000763636
30 0.00001000000
32 0.00001064854
34 0.00000887500
36 0.00000610000
38 0.00000462500
40 0.00000150000
42 0.00000975000
44 0.00001106057
46 0.00001000000
48 0.00000636667
50 0.00000650000
52 0.00001100000
54 0.00000700000
56 0.00001235325
58 0.00001092987
60 0.00000974691
62 0.00001018428
