12
0 0.00000889212
2 0.00001083415
4 0.00001087895
6 0.00001182051
8 0.00000789687
10 0.00000755882
12 0.00001003557
14 0.00001042553
16 0.00001167742
18 0.00000852941
20 0.00000800000
22 0.00001000000
24 0.00001030303
26 0.00000700000
28 0.00001500000
30 0.00000640000
32 0.00000792376
34 0.00000000000
36 0.00000962500
38 0.00001300000
40 0.00000000000
42 0.00003000000
44 0.00001343460
46 0.00000200000
48 0.00001120000
50 0.00001373333
52 0.00000500000
54 0.00000336895
56 0.00001115769
58 0.00000836905
60 0.00000931034
62 0.00001070086
