48
0 0.00001150370
2 0.00001090556
4 0.00001097222
6 0.00000770909
8 0.00000977500
10 0.00000876500
12 0.00000713750
14 0.00001071373
16 0.00000933333
18 0.00000979710
20 0.00001205876
22 0.00001123636
24 0.00000862456
26 0.00000960000
28 0.00000400000
30 0.00001075000
32 0.00000933333
36 0.00002666667
38 0.00000950000
40 0.00000665423
42 0.00000630000
44 0.00000396605
46 0.00000500000
48 0.00000300000
50 0.00000760000
52 0.00001396667
54 0.00001190000
56 0.00000956470
58 0.00000773237
60 0.00000978585
62 0.00001073642
