26
0 0.00000718056
2 0.00000654573
4 0.00000742059
6 0.00000938286
8 0.00000758235
10 0.00000845714
12 0.00001346400
14 0.00000960417
16 0.00000794286
18 0.00001088889
20 0.00001085000
22 0.00001000000
24 0.00001142857
26 0.00000743590
28 0.00000870417
30 0.00001400000
32 0.00002100000
34 0.00000940000
36 0.00001000000
38 0.00000250000
40 0.00000333333
42 0.00001188889
44 0.00000646154
46 0.00001800000
48 0.00002300000
50 0.00001000000
52 0.00001600000
54 0.00000550000
56 0.00000662149
58 0.00001057746
60 0.00000966883
62 0.00000960506
