35
0 0.00000912500
2 0.00001246061
4 0.00000761842
6 0.00000755062
8 0.00000782632
10 0.00000702353
12 0.00001095652
14 0.00001313469
16 0.00001041071
18 0.00000925667
20 0.00000914894
22 0.00001214286
24 0.00000928571
26 0.00000859524
28 0.00000287500
30 0.00000542857
32 0.00001124333
34 0.00000666667
36 0.00001349927
38 0.00000483333
40 0.00002000000
42 0.00000502600
44 0.00001650000
46 0.00000966667
48 0.00000500000
50 0.00000900000
52 0.00001170364
54 0.00001125000
56 0.00000798675
58 0.00000922750
60 0.00001034113
62 0.00001014470
