50
0 0.00000954286
2 0.00001237931
4 0.00000526667
6 0.00001013600
8 0.00000978571
10 0.00000830588
12 0.00000673684
14 0.00001089080
16 0.00001171594
18 0.00000957627
20 0.00001101754
22 0.00001126357
24 0.00001040000
26 0.00001023374
28 0.00000644444
30 0.00000971429
32 0.00000520000
34 0.00001500000
36 0.00000666667
38 0.00000827970
40 0.00000650000
42 0.00000866667
44 0.00000900000
46 0.00001006667
48 0.00000533333
50 0.00000750000
52 0.00000945000
54 0.00001150000
56 0.00000892663
58 0.00001180760
60 0.00001087946
62 0.00000992101
