40
0 0.00001159063
2 0.00000985484
4 0.00000773636
6 0.00000877895
8 0.00000738636
10 0.00001023684
12 0.00000780000
14 0.00000831067
16 0.00001152174
18 0.00000990909
20 0.00001125000
22 0.00001084864
24 0.00000744444
26 0.00001231579
28 0.00000870000
30 0.00000623750
32 0.00000962500
34 0.00000814286
36 0.00000957875
38 0.00000050000
40 0.00001000000
42 0.00000400000
44 0.00000768000
46 0.00000825000
48 0.00000360000
50 0.00001128544
52 0.00002100000
54 0.00000720000
56 0.00001127101
58 0.00000798597
60 0.00000960764
62 0.00000913098
