21
0 0.00000853125
2 0.00001212605
4 0.00000870062
6 0.00000893784
8 0.00001059394
10 0.00001025333
12 0.00001048958
14 0.00001000000
16 0.00001097561
18 0.00000812500
20 0.00001151515
22 0.00000875000
24 0.00001111767
26 0.00000562500
28 0.00001266667
30 0.00001200000
32 0.00001200000
34 0.00000500000
36 0.00000375000
38 0.00001100000
40 0.00001030769
42 0.00000744444
44 0.00000828571
46 0.00001315000
48 0.00000485400
50 0.00000600000
52 0.00000600000
54 0.00002231835
56 0.00001119752
58 0.00001305326
60 0.00001082935
62 0.00001034024
