42
0 0.00001216538
2 0.00000892083
4 0.00000897353
6 0.00000961304
8 0.00001055714
10 0.00000824286
12 0.00000722222
14 0.00001044615
16 0.00001212524
18 0.00000990000
20 0.00001013016
22 0.00001088372
24 0.00001000000
26 0.00001007843
28 0.00000750000
30 0.00001235152
32 0.00000807600
34 0.00001900000
36 0.00000985714
38 0.00000800000
40 0.00002123333
42 0.00000693429
44 0.00000626000
46 0.00000200000
48 0.00000666667
50 0.00001200000
52 0.00000820000
54 0.00000550000
56 0.00001391132
58 0.00001278410
60 0.00001087959
62 0.00000977576
