15
0 0.00001030769
2 0.00000905588
4 0.00001002703
6 0.00000885946
8 0.00000937250
10 0.00001174583
12 0.00000932635
14 0.00001060606
16 0.00000894737
18 0.00000722222
20 0.00000780000
22 0.00000871795
24 0.00000869279
26 0.00001102564
28 0.00001000000
30 0.00001000000
32 0.00000750000
34 0.00000500000
36 0.00000800000
38 0.00000333333
40 0.00000750000
42 0.00001000000
44 0.00000900000
46 0.00001625000
48 0.00001430360
50 0.00000137185
52 0.00001052500
54 0.00000505783
56 0.00000865490
58 0.00001149031
60 0.00000958763
62 0.00000937635
