49
0 0.00000800000
2 0.00000855937
4 0.00001087500
6 0.00001262400
8 0.00000879091
10 0.00000813043
12 0.00000575000
14 0.00001170643
16 0.00001130556
18 0.00001057568
20 0.00001004110
22 0.00000943600
24 0.00000857813
26 0.00001092308
28 0.00001050000
30 0.00000746667
32 0.00001028571
34 0.00000783333
36 0.00004000000
38 0.00000600000
40 0.00001190000
42 0.00000666667
44 0.00000600000
46 0.00000400000
48 0.00001552500
50 0.00000757143
52 0.00001179296
54 0.00000850000
56 0.00001149020
58 0.00000949334
60 0.00001032060
62 0.00001012909
