31
0 0.00001065143
2 0.00000980694
4 0.00001175500
6 0.00000809545
8 0.00000959737
10 0.00001363889
12 0.00000565357
14 0.00001038710
16 0.00001036667
18 0.00001028169
20 0.00001290909
22 0.00001013158
24 0.00001152083
26 0.00000923684
28 0.00000957143
30 0.00000800000
32 0.00001000000
34 0.00000330000
36 0.00000991667
38 0.00001500000
40 0.00001000000
42 0.00000233333
44 0.00001000000
46 0.00001525000
48 0.00001333333
50 0.00000725000
52 0.00000887500
54 0.00001000000
56 0.00000714406
58 0.00001020222
60 0.00000976378
62 0.00000996873
