23
0 0.00000950800
2 0.00000873044
4 0.00001240000
6 0.00001063414
8 0.00000677222
10 0.00000884516
12 0.00000727273
14 0.00000880000
16 0.00000741304
18 0.00001096774
20 0.00001216216
22 0.00001125000
24 0.00001146341
26 0.00000838710
28 0.00003000000
30 0.00000600000
32 0.00000612500
34 0.00000971429
36 0.00001550000
38 0.00001251546
40 0.00000700000
42 0.00000700039
44 0.00001146000
46 0.00000901652
48 0.00001080000
50 0.00000766803
52 0.00001360000
54 0.00000612500
56 0.00001067537
58 0.00000938697
60 0.00001098387
62 0.00000925089
