53
0 0.00001120000
2 0.00001419361
4 0.00000919706
6 0.00000991429
8 0.00001126538
10 0.00000860952
12 0.00001384375
14 0.00000750000
16 0.00000900000
20 0.00000000000
24 0.00000400000
26 0.00000400000
28 0.00000500000
30 0.00001500000
32 0.00005200000
34 0.00000059440
36 0.00000660000
38 0.00000477778
40 0.00000637500
42 0.00000975000
44 0.00001040000
46 0.00001025000
48 0.00001466667
50 0.00001313333
52 0.00001000000
54 0.00000725000
56 0.00000905461
58 0.00000986000
60 0.00000300000
62 0.00001080869
