24
0 0.00000787500
2 0.00001080952
4 0.00000933333
6 0.00000767857
8 0.00000900000
10 0.00001180000
12 0.00001066667
14 0.00000648734
16 0.00000722000
18 0.00000945538
20 0.00000900000
22 0.00001062583
24 0.00000457500
26 0.00000975000
28 0.00001200000
32 0.00000660000
34 0.00001335000
36 0.00001233333
38 0.00001300000
40 0.00000340000
42 0.00001300000
44 0.00001300000
46 0.00000800000
48 0.00000450000
50 0.00000900000
52 0.00001000000
54 0.00001013220
56 0.00001187200
58 0.00000912908
60 0.00000798509
62 0.00001064848
