31
0 0.00001056250
2 0.00000776471
4 0.00000644444
6 0.00000968804
8 0.00001100000
10 0.00001476000
12 0.00000907692
14 0.00001201667
16 0.00001283684
18 0.00000650714
20 0.00001813333
22 0.00001192857
24 0.00001319723
26 0.00000924000
28 0.00000700000
30 0.00000315000
32 0.00002500000
34 0.00004950000
36 0.00000606667
38 0.00000347813
40 0.00000195890
42 0.00000900000
44 0.00000650000
46 0.00001550000
48 0.00000624506
50 0.00000800000
52 0.00000700000
54 0.00000750000
56 0.00001171392
58 0.00001146364
60 0.00000888947
62 0.00001144094
