10
0 0.00000796774
2 0.00001013333
4 0.00000938095
6 0.00001067742
8 0.00000816667
10 0.00001271429
12 0.00000625000
14 0.00001395000
16 0.00001284000
18 0.00000672500
20 0.00000955714
22 0.00000605000
24 0.00000936362
26 0.00000390648
30 0.00000900000
32 0.00000900000
34 0.00000000000
36 0.00001530000
38 0.00000252870
40 0.00001245000
42 0.00000916667
44 0.00000800000
46 0.00000566667
48 0.00000816132
50 0.00002000000
52 0.00000400000
54 0.00002200000
56 0.00000855240
58 0.00000718111
60 0.00000924622
62 0.00001123392
