49
0 0.00000861538
2 0.00001145455
4 0.00001044444
6 0.00001000000
8 0.00000718750
10 0.00001275000
12 0.00001018750
14 0.00001121667
16 0.00000511111
18 0.00000621667
20 0.00001481786
22 0.00001213333
24 0.00001820000
26 0.00000644545
28 0.00000750000
34 0.00000650000
36 0.00001800000
38 0.00001170000
40 0.00002020300
42 0.00002650000
44 0.00000750000
46 0.00001033333
48 0.00005500000
50 0.00000350000
52 0.00002050000
54 0.00003800000
56 0.00000704494
58 0.00001519884
60 0.00001002462
62 0.00000962295
