53
0 0.00000640909
2 0.00000980000
4 0.00001320000
6 0.00001031818
8 0.00001353846
10 0.00001468750
12 0.00001328571
14 0.00000292500
16 0.00000978571
18 0.00001109000
20 0.00001038667
22 0.00001003889
24 0.00000857500
26 0.00000798500
28 0.00001466667
30 0.00000400000
32 0.00000336667
34 0.00000100000
36 0.00000900000
38 0.00000778000
40 0.00000600000
42 0.00000833333
44 0.00000833333
46 0.00001000000
48 0.00000200000
50 0.00001000000
52 0.00000850000
54 0.00000600000
56 0.00000689231
58 0.00001126572
60 0.00000912589
62 0.00001051220
