32
0 0.00000742857
2 0.00000986667
4 0.00001072727
6 0.00000760000
8 0.00000833333
10 0.00000970833
12 0.00000823077
14 0.00000637143
16 0.00001633000
18 0.00001612817
20 0.00001358571
22 0.00001305000
24 0.00000764000
26 0.00000628902
28 0.00000850000
30 0.00000700000
32 0.00001000000
34 0.00000100000
36 0.00000633333
40 0.00000818100
42 0.00001400000
44 0.00000825000
46 0.00000400000
48 0.00001192363
50 0.00000700000
52 0.00000300000
54 0.00001700000
56 0.00000869029
58 0.00001046789
60 0.00000979580
62 0.00000993985
