28
0 0.00000795455
2 0.00001133333
4 0.00001021429
6 0.00001100000
8 0.00001284211
10 0.00001400000
12 0.00000971429
14 0.00001230769
16 0.00000920000
18 0.00000913833
20 0.00001113200
22 0.00001015557
24 0.00000639000
26 0.00000650000
28 0.00001925000
30 0.00000400000
32 0.00000700000
36 0.00001712100
38 0.00003300000
40 0.00000433333
42 0.00000528571
46 0.00001400000
48 0.00001000000
50 0.00000600000
52 0.00000050000
54 0.00001900000
56 0.00000706342
58 0.00001042130
60 0.00000842952
62 0.00000874167
