8
0 0.00001027778
2 0.00000634483
4 0.00001116000
6 0.00001065217
8 0.00001077778
10 0.00000945522
12 0.00001310000
14 0.00000905714
16 0.00000807500
18 0.00000885714
20 0.00001177528
22 0.00000479000
24 0.00000642222
26 0.00001275000
28 0.00001072000
30 0.00001366667
32 0.00000600000
34 0.00000182173
36 0.00000800000
38 0.00000875000
40 0.00000627273
42 0.00000580000
44 0.00001280000
46 0.00001225000
48 0.00002375000
50 0.00000900000
52 0.00000550000
54 0.00002033329
56 0.00001357590
58 0.00000926574
60 0.00001025333
62 0.00000997500
