39
0 0.00001313636
2 0.00001204762
4 0.00000673333
6 0.00000843750
8 0.00000645000
10 0.00000884615
12 0.00000707143
14 0.00001324545
16 0.00000863000
18 0.00000518571
20 0.00000850917
22 0.00000594625
24 0.00000811000
26 0.00000557500
28 0.00000920000
30 0.00000110000
32 0.00004900000
34 0.00000900000
36 0.00000020000
38 0.00000150000
40 0.00001366667
42 0.00000433333
44 0.00000400000
48 0.00001600000
50 0.00000000000
52 0.00000500000
54 0.00000300000
56 0.00001276800
58 0.00001081891
60 0.00001010236
62 0.00000971094
