9
0 0.00001136842
2 0.00000752000
4 0.00000817241
6 0.00000890000
8 0.00000787500
10 0.00001458333
12 0.00000938095
14 0.00001046285
16 0.00001450000
18 0.00000613400
20 0.00000470000
22 0.00001316000
24 0.00000834577
26 0.00001703333
28 0.00001600000
30 0.00001301000
32 0.00001120000
34 0.00000800000
36 0.00000600000
38 0.00001933333
40 0.00000333333
42 0.00000600000
44 0.00000482207
46 0.00000663490
48 0.00000800000
50 0.00001100000
54 0.00000450000
56 0.00000835263
58 0.00001301911
60 0.00000936059
62 0.00001026144
