17
0 0.00000647368
2 0.00001151852
4 0.00001011111
6 0.00000780000
8 0.00001056000
10 0.00000633333
12 0.00000810000
14 0.00001911667
16 0.00001025143
18 0.00000236667
20 0.00000563750
22 0.00000881429
24 0.00000676143
26 0.00000594286
28 0.00000400000
30 0.00000257000
32 0.00000108000
34 0.00001800000
36 0.00001466667
40 0.00000560000
42 0.00002100000
44 0.00000400000
46 0.00000566667
48 0.00001066667
50 0.00001700000
52 0.00000100000
54 0.00000600000
56 0.00001165238
58 0.00001433159
60 0.00000987638
62 0.00001036806
