30
0 0.00001222222
2 0.00001250000
4 0.00000633333
6 0.00000900000
8 0.00000768750
10 0.00000815789
12 0.00000933333
14 0.00001114167
16 0.00000814700
18 0.00000816667
20 0.00001570833
22 0.00001380000
24 0.00001083000
26 0.00001135139
28 0.00000500000
30 0.00000100000
32 0.00000575000
34 0.00000600000
36 0.00000700000
40 0.00000530463
42 0.00000800000
44 0.00000200000
46 0.00000200000
48 0.00000200000
50 0.00000600000
52 0.00000600000
54 0.00000600000
56 0.00000896444
58 0.00001312500
60 0.00001171387
62 0.00000958400
