18
0 0.00001180952
2 0.00000736842
4 0.00001100000
6 0.00000834783
8 0.00001133333
10 0.00001235000
12 0.00001080000
14 0.00000536857
16 0.00001059400
18 0.00000850000
20 0.00001388750
22 0.00001500000
24 0.00000404000
26 0.00000720000
28 0.00000870000
30 0.00001300000
36 0.00002900000
38 0.00000412500
40 0.00000600000
42 0.00001400000
44 0.00001525000
46 0.00001750000
48 0.00000800000
50 0.00000300000
52 0.00000650000
54 0.00000733333
56 0.00000927615
58 0.00001501211
60 0.00000971822
62 0.00000887857
