51
0 0.00001509524
2 0.00000819048
4 0.00001011111
6 0.00001155000
8 0.00001822222
10 0.00001020000
12 0.00000700000
14 0.00001088750
16 0.00001157000
18 0.00001111429
20 0.00000873083
22 0.00002940000
24 0.00000591667
26 0.00001158909
28 0.00000854000
32 0.00000280000
36 0.00002010000
38 0.00000250000
40 0.00001200000
42 0.00001100000
44 0.00000266667
46 0.00001000000
48 0.00000300000
50 0.00001020000
52 0.00000450000
54 0.00000350000
56 0.00000975000
58 0.00001246732
60 0.00000961787
62 0.00000985401
