25
0 0.00001066667
2 0.00001070093
4 0.00001237377
6 0.00000973810
8 0.00001018421
10 0.00000912264
12 0.00000863303
14 0.00000973512
16 0.00000736154
18 0.00000571429
20 0.00001222222
22 0.00000857143
24 0.00000750000
26 0.00000882000
28 0.00000987778
30 0.00000854545
32 0.00001680903
34 0.00003000000
36 0.00000600000
38 0.00001042500
40 0.00000136000
42 0.00001275000
44 0.00000937059
46 0.00001506429
48 0.00000997778
50 0.00001315385
52 0.00001220000
54 0.00000437000
56 0.00001060841
58 0.00000794184
60 0.00000960253
62 0.00000950958
