16
0 0.00001024074
2 0.00001018045
4 0.00001095798
6 0.00000830556
8 0.00000987156
10 0.00000901754
12 0.00000961111
14 0.00001203407
16 0.00001377130
18 0.00000508333
20 0.00000815625
22 0.00000822515
24 0.00001133000
26 0.00000925556
28 0.00000857143
30 0.00001895000
32 0.00001400000
34 0.00001666667
36 0.00001466667
38 0.00001000000
40 0.00000580200
42 0.00000968750
44 0.00001037500
46 0.00000787500
48 0.00000845455
50 0.00001344444
52 0.00001268513
54 0.00001058333
56 0.00000959085
58 0.00000897581
60 0.00001156600
62 0.00000966036
