11
0 0.00000994595
2 0.00000988393
4 0.00001079710
6 0.00001166038
8 0.00001156731
10 0.00001175758
12 0.00000895960
14 0.00001154063
16 0.00001223292
18 0.00000869583
20 0.00000962456
22 0.00000349600
24 0.00001160000
26 0.00001767333
28 0.00001066667
30 0.00000637500
32 0.00001515371
34 0.00000800000
36 0.00001100000
38 0.00000916667
40 0.00001180000
42 0.00000857143
44 0.00000830769
46 0.00001200000
48 0.00001418182
50 0.00001150000
52 0.00000400000
54 0.00000712500
56 0.00000750335
58 0.00000890581
60 0.00001096507
62 0.00001046863
