26
0 0.00000920458
2 0.00001041985
4 0.00001131942
6 0.00000854750
8 0.00000946444
10 0.00000976923
12 0.00000911241
14 0.00000840000
16 0.00001067000
18 0.00000695000
20 0.00000714286
22 0.00000883000
24 0.00001400000
26 0.00001000000
28 0.00001068425
30 0.00001646000
32 0.00001501000
34 0.00001622020
36 0.00000634000
38 0.00001050000
40 0.00001627143
42 0.00000634480
44 0.00000421636
46 0.00000896875
48 0.00001329231
50 0.00000750000
52 0.00000875000
54 0.00001065714
56 0.00001034672
58 0.00001012080
60 0.00000926806
62 0.00001041607
