12
0 0.00000912613
2 0.00001137600
4 0.00000994059
6 0.00000977600
8 0.00000856034
10 0.00001003390
12 0.00001020455
14 0.00001113200
16 0.00001001474
18 0.00000780000
20 0.00001143077
22 0.00000756429
24 0.00001061250
26 0.00001207727
28 0.00001083333
30 0.00001014286
32 0.00001966667
34 0.00000633298
36 0.00000646583
38 0.00001000000
40 0.00000600000
42 0.00001380324
44 0.00000928571
46 0.00000918182
48 0.00001345000
50 0.00001272727
52 0.00001300000
54 0.00001220000
56 0.00001112187
58 0.00001025325
60 0.00000929305
62 0.00001007245
