22
0 0.00001039333
2 0.00001038393
4 0.00001081786
6 0.00001110000
8 0.00000940351
10 0.00000960833
12 0.00001017778
14 0.00001401905
16 0.00001327368
18 0.00000650670
20 0.00000612714
22 0.00001390000
24 0.00000903261
26 0.00001428571
28 0.00001091778
30 0.00001400000
32 0.00003270000
34 0.00001265000
36 0.00000490000
38 0.00001000000
40 0.00001000000
42 0.00001270000
44 0.00001200965
46 0.00000790000
48 0.00001000000
50 0.00001830000
52 0.00001032764
54 0.00000896000
56 0.00000968112
58 0.00001018015
60 0.00001177482
62 0.00000980752
