23
0 0.00000937405
2 0.00000991453
4 0.00000762037
6 0.00000927344
8 0.00000905172
10 0.00000853333
12 0.00001207907
14 0.00000710952
16 0.00001275100
18 0.00001085556
20 0.00001566667
22 0.00000855000
24 0.00000833333
26 0.00001285714
28 0.00001013636
30 0.00001480000
32 0.00000643333
34 0.00000500000
36 0.00002000000
38 0.00000250000
40 0.00000550000
42 0.00000667647
44 0.00000590909
46 0.00001066667
48 0.00000676250
50 0.00000922727
52 0.00001500000
54 0.00001191790
56 0.00000917064
58 0.00000867784
60 0.00001122619
62 0.00001038326
