35
0 0.00001021128
2 0.00000945693
4 0.00000941270
6 0.00000869063
8 0.00001035833
10 0.00001104676
12 0.00001071542
14 0.00000333333
16 0.00000666667
20 0.00000000000
22 0.00001250000
24 0.00001714286
26 0.00001000000
28 0.00004000000
32 0.00001000000
34 0.00002000000
36 0.00002000000
38 0.00001000000
40 0.00001500000
42 0.00000955556
44 0.00000876861
46 0.00000762500
48 0.00000800000
50 0.00001427778
52 0.00000510000
54 0.00000700000
56 0.00000995890
58 0.00001200318
60 0.00001047619
62 0.00001001803
