33
0 0.00001028800
2 0.00000786462
4 0.00000980070
6 0.00000893750
8 0.00001058586
10 0.00000901067
12 0.00001101515
14 0.00000750000
16 0.00000500000
20 0.00001400000
22 0.00000750000
24 0.00001000000
26 0.00000666667
28 0.00001714286
30 0.00000666667
32 0.00001000000
34 0.00000500000
36 0.00001000000
38 0.00001000000
40 0.00001000000
42 0.00000800000
44 0.00000157143
46 0.00001000000
48 0.00000916667
50 0.00000892857
52 0.00001262500
54 0.00000756250
56 0.00000845477
58 0.00000966923
60 0.00000952381
62 0.00001029328
