10
0 0.00001048028
2 0.00000979661
4 0.00001069014
6 0.00001079688
8 0.00001108824
10 0.00000991304
12 0.00000976923
14 0.00000880000
16 0.00001308958
18 0.00001342727
20 0.00000951739
22 0.00000844000
24 0.00000658496
26 0.00000812143
28 0.00000985714
30 0.00001000000
32 0.00000940000
34 0.00001233333
36 0.00000916667
38 0.00000811169
40 0.00001200000
42 0.00001396933
44 0.00000896429
46 0.00000960000
48 0.00001175000
50 0.00000762500
52 0.00000718182
54 0.00001500000
56 0.00000991667
58 0.00000856623
60 0.00000915855
62 0.00000992065
