46
0 0.00001019380
2 0.00001039160
4 0.00000972735
6 0.00001053171
8 0.00000942441
10 0.00001166667
12 0.00001049292
14 0.00001000000
16 0.00000166667
18 0.00001000000
22 0.00000000000
24 0.00000000000
26 0.00000333333
28 0.00000082333
30 0.00000000000
32 0.00002400597
36 0.00001000000
38 0.00004000000
40 0.00001000000
42 0.00000760000
44 0.00000678000
46 0.00000833750
48 0.00000777778
50 0.00000591667
52 0.00000738848
54 0.00000491667
56 0.00001292263
58 0.00000913911
60 0.00000941176
62 0.00001011217
