34
0 0.00001096389
2 0.00000820472
4 0.00000978696
6 0.00000962538
8 0.00001251026
10 0.00001163750
12 0.00001102997
14 0.00001000000
16 0.00001250000
18 0.00000666667
20 0.00001333333
22 0.00000800000
24 0.00000500000
26 0.00000000000
28 0.00000333333
30 0.00001000000
32 0.00001000000
34 0.00001000000
36 0.00002000000
38 0.00003000000
42 0.00000820000
44 0.00000690000
46 0.00000400000
48 0.00000791667
50 0.00001111248
52 0.00001250000
54 0.00000790000
56 0.00000962667
58 0.00000987065
60 0.00000962963
62 0.00000996625
