14
0 0.00000845378
2 0.00000938168
4 0.00000893496
6 0.00000995522
8 0.00001000000
10 0.00000979412
12 0.00001024138
14 0.00001220500
16 0.00000841765
18 0.00001168204
20 0.00000905000
22 0.00001170955
24 0.00001005000
26 0.00001343091
28 0.00001250000
30 0.00003000000
32 0.00001614286
34 0.00001500000
36 0.00000900000
38 0.00000750000
40 0.00001357143
42 0.00001172809
44 0.00001240000
46 0.00000530000
48 0.00001007692
50 0.00001030000
52 0.00000752632
54 0.00001033333
56 0.00001064762
58 0.00001065619
60 0.00001071079
62 0.00001088962
