51
0 0.00001035163
2 0.00001128561
4 0.00001082961
6 0.00000990959
8 0.00000820000
10 0.00000901786
12 0.00000823462
14 0.00001000000
16 0.00001069333
18 0.00001000000
20 0.00001112000
22 0.00001500000
24 0.00000000000
26 0.00001000000
28 0.00001000000
30 0.00001060000
32 0.00000875000
34 0.00000500000
36 0.00001666667
38 0.00003666667
40 0.00001600000
42 0.00000414286
44 0.00000923529
46 0.00001566667
48 0.00000808750
50 0.00000741667
52 0.00001222222
54 0.00000912500
56 0.00001152949
58 0.00000980911
60 0.00000733714
62 0.00000908568
