50
0 0.00000993986
2 0.00000979786
4 0.00001133333
6 0.00001214420
8 0.00000988167
10 0.00000950756
12 0.00000899520
14 0.00003110000
16 0.00000282500
18 0.00001000000
20 0.00001000000
22 0.00001000000
28 0.00000857143
30 0.00000285714
32 0.00000500000
34 0.00001000000
36 0.00001250000
38 0.00001000000
40 0.00000666667
42 0.00001100000
44 0.00000946000
46 0.00001195000
48 0.00001005556
50 0.00000984615
52 0.00001200000
54 0.00001400000
56 0.00001056860
58 0.00001004534
60 0.00001454111
62 0.00000949878
