27
0 0.00000947832
2 0.00001007233
4 0.00001006050
6 0.00000994889
8 0.00000982900
10 0.00001054516
12 0.00000938400
14 0.00000565000
16 0.00000773636
18 0.00001333333
20 0.00001100000
22 0.00001166667
24 0.00001156000
26 0.00001000000
28 0.00001130583
30 0.00000779000
32 0.00002900000
34 0.00001326667
36 0.00000849947
38 0.00000290000
40 0.00001060000
42 0.00000725708
44 0.00000544448
46 0.00001169286
48 0.00000775000
50 0.00000974286
52 0.00001298000
54 0.00001118182
56 0.00001037966
58 0.00000911602
60 0.00001080831
62 0.00000975524
