30
0 0.00001094491
2 0.00000919721
4 0.00000828702
6 0.00000927857
8 0.00001025417
10 0.00001043333
12 0.00000867647
14 0.00001000000
16 0.00000500000
18 0.00000571429
20 0.00000000000
22 0.00000666667
24 0.00000714286
26 0.00001000000
28 0.00000750000
30 0.00001000000
32 0.00000000000
34 0.00001000000
36 0.00000454000
40 0.00001855000
42 0.00000767367
44 0.00000717000
46 0.00000857143
48 0.00000911111
50 0.00000592500
52 0.00001520000
54 0.00001369231
56 0.00001371178
58 0.00001186930
60 0.00001103095
62 0.00001037329
