18
0 0.00001018254
2 0.00000978505
4 0.00001019091
6 0.00000995798
8 0.00000928333
10 0.00001006250
12 0.00000985287
14 0.00001369565
16 0.00001142739
18 0.00001246875
20 0.00001042667
22 0.00000857143
24 0.00001166250
26 0.00000865889
28 0.00000913422
32 0.00000750000
34 0.00000775000
36 0.00000350000
38 0.00000400000
40 0.00000857143
42 0.00000925000
44 0.00001872727
46 0.00001018182
48 0.00000778889
50 0.00000680000
52 0.00001285714
54 0.00000710843
56 0.00001130366
58 0.00000869291
60 0.00001018090
62 0.00000947706
