15
0 0.00000919200
2 0.00001185000
4 0.00000823478
6 0.00001088976
8 0.00001095868
10 0.00000921782
12 0.00000856780
14 0.00001322000
16 0.00001038750
18 0.00001054702
20 0.00000522105
22 0.00000916353
24 0.00001020714
26 0.00000765111
28 0.00000801667
30 0.00000183333
32 0.00000832736
34 0.00000675000
36 0.00001940000
38 0.00002320000
40 0.00000540000
42 0.00001128571
44 0.00000920000
46 0.00000566667
48 0.00001125000
50 0.00000566667
52 0.00001065263
54 0.00001328749
56 0.00001171932
58 0.00001071289
60 0.00001074483
62 0.00001063420
