8
0 0.00001047771
2 0.00001140118
4 0.00000858519
6 0.00001093750
8 0.00001031092
10 0.00000950000
12 0.00000975614
14 0.00001027949
16 0.00001064889
18 0.00000898485
20 0.00001018178
22 0.00000797282
24 0.00000820000
26 0.00000736235
28 0.00000815333
30 0.00000820000
32 0.00001120000
34 0.00000636364
36 0.00000952500
38 0.00000770721
40 0.00001265517
42 0.00000840741
44 0.00000628957
46 0.00001400000
48 0.00002214286
50 0.00001034979
52 0.00001153846
54 0.00000917797
56 0.00000898413
58 0.00001115067
60 0.00000971977
62 0.00000948507
