42
0 0.00000933520
2 0.00000961523
4 0.00001074966
6 0.00000878540
8 0.00001115915
10 0.00000994354
12 0.00000899403
14 0.00002333333
16 0.00001500000
18 0.00000500000
20 0.00001500000
22 0.00001166667
24 0.00002000000
26 0.00000000000
32 0.00001000000
34 0.00002000000
36 0.00000000000
38 0.00001976030
40 0.00000743060
42 0.00000978571
44 0.00000913333
46 0.00000662500
48 0.00000850000
50 0.00000550000
52 0.00001000000
54 0.00001157143
56 0.00000768828
58 0.00001068116
60 0.00000823529
62 0.00000988678
