47
0 0.00001118984
2 0.00000970313
4 0.00001030164
6 0.00000940672
8 0.00001020347
10 0.00001020291
12 0.00000815194
14 0.00001528712
16 0.00001000000
18 0.00000333333
20 0.00000666667
22 0.00002000000
24 0.00002500000
26 0.00000000000
28 0.00000595590
30 0.00000000000
32 0.00000300000
34 0.00002366285
36 0.00001000000
38 0.00001000000
42 0.00000888889
44 0.00001301484
46 0.00001300000
48 0.00000445556
50 0.00001400000
52 0.00000833818
54 0.00000366667
56 0.00000752751
58 0.00000874303
60 0.00000962591
62 0.00001028183
