17
0 0.00001120000
2 0.00000938710
4 0.00000978448
6 0.00001100000
8 0.00001099153
10 0.00001112150
12 0.00000936975
14 0.00001497931
16 0.00001175625
18 0.00000750952
20 0.00000814074
22 0.00001346667
24 0.00001025556
26 0.00000820833
28 0.00000600000
30 0.00000913333
32 0.00002133333
34 0.00002274000
36 0.00001100000
40 0.00000745000
42 0.00000777778
44 0.00000685714
46 0.00001100000
48 0.00001061538
50 0.00001341176
52 0.00000660000
54 0.00000900000
56 0.00000933111
58 0.00000850231
60 0.00000981260
62 0.00001009179
