52
0 0.00001088707
2 0.00000960231
4 0.00001071615
6 0.00001041646
8 0.00001049760
10 0.00000951176
12 0.00001200938
14 0.00000200000
16 0.00000666667
18 0.00001354488
20 0.00000922333
22 0.00000446400
24 0.00002200000
26 0.00000333333
28 0.00001500000
30 0.00001000000
32 0.00001800000
34 0.00001197977
36 0.00000333333
38 0.00000900000
40 0.00000805000
42 0.00001132143
44 0.00000960435
46 0.00001026522
48 0.00001237500
50 0.00000466667
52 0.00001022222
54 0.00000698824
56 0.00001116653
58 0.00001025078
60 0.00001279110
62 0.00000974953
