48
0 0.00001092164
2 0.00001039766
4 0.00000855724
6 0.00000860650
8 0.00000866036
10 0.00001012321
12 0.00001067407
14 0.00001583400
16 0.00001000000
18 0.00000000000
20 0.00000333333
22 0.00001666667
24 0.00001000000
26 0.00001000000
30 0.00001000000
32 0.00000000000
34 0.00001000000
36 0.00001000000
38 0.00001500000
40 0.00001000000
42 0.00000950000
44 0.00000750000
46 0.00000971429
48 0.00000875000
50 0.00001264167
52 0.00000835876
54 0.00000340000
56 0.00000951077
58 0.00001022964
60 0.00000707300
62 0.00000984540
