19
0 0.00001194964
2 0.00000886607
4 0.00001080000
6 0.00001036441
8 0.00001001538
10 0.00001023529
12 0.00001049057
14 0.00000930146
16 0.00000720000
18 0.00001065909
20 0.00000843667
22 0.00001139369
24 0.00001159231
26 0.00001800000
28 0.00001113333
30 0.00000850000
32 0.00001000000
34 0.00000545000
36 0.00001025000
38 0.00001080000
40 0.00003000000
42 0.00001183333
44 0.00000900000
46 0.00001120000
48 0.00000866667
50 0.00001990000
52 0.00001328945
54 0.00001088889
56 0.00001007200
58 0.00000905275
60 0.00001060613
62 0.00000982508
