32
0 0.00000921969
2 0.00001114142
4 0.00000980758
6 0.00001003398
8 0.00000891538
10 0.00000895046
12 0.00000941106
14 0.00000888889
16 0.00000666667
18 0.00001250000
20 0.00000666667
22 0.00001000000
24 0.00004000000
26 0.00002200000
28 0.00003000000
30 0.00001000000
32 0.00000752500
34 0.00001500000
36 0.00000076667
38 0.00003000000
40 0.00000500000
42 0.00001193750
44 0.00001000000
46 0.00000866667
48 0.00001175000
50 0.00001437500
52 0.00001200000
54 0.00000925588
56 0.00001012234
58 0.00000921139
60 0.00000909091
62 0.00000957654
