24
0 0.00001040536
2 0.00000947107
4 0.00001057851
6 0.00000788793
8 0.00000978151
10 0.00001056757
12 0.00001288136
14 0.00001119355
16 0.00001389143
18 0.00000936733
20 0.00000748718
22 0.00000000000
24 0.00000857143
26 0.00001592000
28 0.00001310167
30 0.00001152857
32 0.00000596667
34 0.00000679810
36 0.00001000000
38 0.00001000000
40 0.00002452500
42 0.00000631304
44 0.00000962632
46 0.00001043571
48 0.00001183333
50 0.00001009091
52 0.00001723125
54 0.00001440833
56 0.00000896174
58 0.00001033551
60 0.00000856036
62 0.00001077759
