31
0 0.00001041232
2 0.00001028955
4 0.00001114122
6 0.00000938440
8 0.00000990615
10 0.00000970371
12 0.00000954662
14 0.00001571429
16 0.00000250000
18 0.00001333333
20 0.00000000000
22 0.00000000000
24 0.00000333333
26 0.00000000000
28 0.00000702181
30 0.00000500000
32 0.00000750000
34 0.00001333333
36 0.00001000000
38 0.00000996667
40 0.00002046667
42 0.00001120417
44 0.00001100000
46 0.00001340000
48 0.00001000000
50 0.00000854545
52 0.00000793333
54 0.00000480000
56 0.00001041308
58 0.00000981333
60 0.00001117647
62 0.00001048038
