9
0 0.00001087500
2 0.00001025000
4 0.00001030081
6 0.00000871028
8 0.00001004348
10 0.00000974074
12 0.00000994318
14 0.00000961905
16 0.00001392593
18 0.00001382353
20 0.00000845000
22 0.00000806429
24 0.00001058200
26 0.00001214247
28 0.00001599603
30 0.00001192857
32 0.00001025000
34 0.00000712500
36 0.00000666667
38 0.00000266667
40 0.00000765833
42 0.00000860000
44 0.00000900000
46 0.00000997897
48 0.00001916667
50 0.00000630000
52 0.00000516667
54 0.00001275000
56 0.00001111756
58 0.00000925474
60 0.00000965085
62 0.00001007184
