53
0 0.00001008453
2 0.00001005780
4 0.00000925948
6 0.00001145755
8 0.00001003581
10 0.00001011148
12 0.00000972722
14 0.00001238524
16 0.00000592800
18 0.00000621429
20 0.00000884500
22 0.00001536500
24 0.00000500000
26 0.00000428571
28 0.00000723077
30 0.00000918571
32 0.00000937667
34 0.00001070000
36 0.00000928000
38 0.00001179167
40 0.00001120000
42 0.00000881111
44 0.00001200000
46 0.00000821429
48 0.00001066667
50 0.00001055333
52 0.00001206667
54 0.00000846394
56 0.00000997797
58 0.00001045965
60 0.00000961031
62 0.00001053895
