13
0 0.00001231897
2 0.00000966667
4 0.00000977686
6 0.00001049180
8 0.00001222642
10 0.00001045283
12 0.00000952756
14 0.00001744000
16 0.00001188182
18 0.00000859154
20 0.00001323077
22 0.00000760667
24 0.00001349500
26 0.00001185067
28 0.00001030000
30 0.00000925714
32 0.00000433154
34 0.00000900000
36 0.00001333333
38 0.00001554453
40 0.00000416930
42 0.00001186364
44 0.00000963180
46 0.00000842857
48 0.00000993750
50 0.00001693333
52 0.00000800000
54 0.00001412500
56 0.00000893501
58 0.00001019184
60 0.00000944885
62 0.00000993905
