20
0 0.00001059065
2 0.00001064844
4 0.00001081667
6 0.00000858865
8 0.00000950526
10 0.00000958000
12 0.00001012069
14 0.00000969103
16 0.00001624286
18 0.00001842729
20 0.00000940000
22 0.00002061000
24 0.00000638137
26 0.00001000000
28 0.00001377500
30 0.00000224850
32 0.00001100000
34 0.00000234000
36 0.00001970000
38 0.00001000000
40 0.00000575000
42 0.00001321429
44 0.00000840000
46 0.00001058750
48 0.00001520000
50 0.00000687768
52 0.00000847000
54 0.00000877565
56 0.00000951656
58 0.00000928132
60 0.00000850677
62 0.00000970346
