29
0 0.00001042029
2 0.00000950135
4 0.00001150797
6 0.00000941364
8 0.00001104478
10 0.00001000794
12 0.00001160714
14 0.00000714167
16 0.00001307692
18 0.00001285714
20 0.00001142857
22 0.00001250000
24 0.00000000000
26 0.00001500000
28 0.00000492500
30 0.00001356667
32 0.00000000000
34 0.00001000000
36 0.00001750000
38 0.00000901667
40 0.00000810770
42 0.00001230000
44 0.00001541765
46 0.00001181000
48 0.00000781775
50 0.00000966667
52 0.00000944444
54 0.00000714286
56 0.00000935025
58 0.00001073554
60 0.00000956522
62 0.00000988138
