21
0 0.00000952971
2 0.00001013889
4 0.00000829630
6 0.00001042373
8 0.00000985246
10 0.00001056140
12 0.00000971296
14 0.00000949565
16 0.00001330714
18 0.00000798952
20 0.00001579923
22 0.00000777778
24 0.00000907143
26 0.00001244444
28 0.00000511111
30 0.00000400000
32 0.00001840000
34 0.00001732000
36 0.00000150000
38 0.00000100000
40 0.00000000000
42 0.00001637727
44 0.00000705625
46 0.00001042256
48 0.00001011818
50 0.00000700000
52 0.00000957143
54 0.00001023529
56 0.00000895625
58 0.00001071954
60 0.00000991804
62 0.00000952339
