28
0 0.00001078816
2 0.00000955360
4 0.00001049375
6 0.00000913953
8 0.00000971304
10 0.00001166379
12 0.00000994915
14 0.00001000000
16 0.00000635000
18 0.00000050000
20 0.00000714286
22 0.00001500000
24 0.00001200000
26 0.00001500000
28 0.00001042500
30 0.00000735000
32 0.00000706667
34 0.00003000000
36 0.00000833333
38 0.00000443333
40 0.00000845000
42 0.00001028689
44 0.00000671250
46 0.00000916250
48 0.00000954444
50 0.00001425000
52 0.00001137500
54 0.00001000000
56 0.00000967652
58 0.00001133205
60 0.00001118600
62 0.00001032441
